1.06314765313
0.135025979091
0.304744857558
0.548351278526
0.265695853327
-0.000976752294818
0.298083055864
0.0390357801589
0.121842589907
0.0676025774817
0.0252920466103
0.0592375093923
0.0191532298085
0.00719778303417
0.080925754378
0.00698659778128
0.0100100830767
0.0172621562842
0.0258719182152
0.0342498233031
0.0180067970356
0.0747646069993
-0.00339544623267
0.0418224005092
0.0665848376152
0.00896366132679
0.0437260115873
0.0254964764713
0.00524083056091
0.00414405076694
0.00878941360258
0.0057333829212
0.0148816098742
0.00558355502617
0.00356049904469
0.00209971426698
0.0104782051882
0.0262244010701
0.0256278969234
0.00244893462953
-0.00036972415605
0.0124789103368
0.00818736760804
-0.000945910866725
0.00645409049161
0.0230419076498
-0.000496571658157
0.0339989957256
0.0248104225111
0.0132929361821
0.0224044995267
0.0160548600672
0.0375767749586
0.00393389413174
0.00083508036006
0.0195458488056
0.00292390591737
0.0294790558151
6.67293817446e-05
0.0114205363979
0.0032345600431
-9.52391206708e-05
0.0356265866083
0.00677231291092
0.0270755394167
0.01467925228
0.00705540863793
0.0133994827342
0.0101212011415
0.00945827895846
0.000659506377077
0.00100194196853
0.0099833324234
0.017789626635
0.0102217491609
0.0252179039731
0.0178548780431
0.0112867871935
0.0014676992763
0.00422070663428
0.0178935384255
0.0177909679533
0.00542123354195
0.00602620704813
0.0199772455797
0.00337159115484
0.0187308403185
0.00216674832114
0.0200706268261
0.00527771713083
0.00464007186856
0.00245847777218
0.00186004132521
0.000204495351002
0.0195604439381
0.0159959496972
0.0213316124278
0.0135913827281
0.00602750752218
0.00940338263602
-0.000924151887675
0.0043911566209
0.00333073402463
0.0129514031584
0.00451308280048
0.00584362955331
0.00443184313577
0.0116982547536
0.000785377241685
0.00403194876331
0.00131309760025
0.0159094696194
0.00591973498399
0.0139822440079
0.0130480624745
0.00381964013994
0.0045472850987
0.00781487676125
0.00429587272323
0.000432039557449
0.00363271860332
0.0147771478328
0.0024282212347
0.00911689680174
0.00223007418883
0.0108419119055
0.00913933040408
0.00218214885098
0.0110781726788
0.0131602922289
0.00628038409646
0.00169217064707
0.00681530043526
0.0024096447462
0.00510441960592
0.000490313840752
0.00262680630916
0.00689819493352
0.0114400126404
0.00899968479873
0.0129779005119
-0.000655831330346
-0.000651809059078
0.00362157036378
0.00861795016413
0.00245077754997
0.00265897388531
0.0100298379236
0.00928116607014
0.0102090939449
0.00840658692533
5.58031496493e-05
0.00169055769339
0.00651719245805
0.00453625847507
0.00176934487229
0.00160107680153
0.00381541982075
0.00792930420329
0.00743981075698
0.00176849355639
0.00217339443711
0.00589270612974
0.00568161199984
0.0102491831678
0.00638450944957
0.0102421885169
0.000239614814711
0.000768043755283
0.00799954855283
0.00942512067462
0.00809062511839
0.0105056546217
0.000996862893967
0.00558104056498
0.00135321628674
0.00494379663246
0.00541201439736
0.00664494606154
0.00132081655241
0.00588011559245
0.0027505165133
0.00024148306066
0.000286527668747
0.00300109998625
0.000285212837743
0.00793567357855
0.00611175876388
0.00722796244832
0.00254400715076
0.00235379984971
0.000531053543965
0.00254104590258
0.00768633114993
0.00445460498511
0.0005276761282
-0.000445048019609
0.00104816683624
0.00610333579745
0.00788265811205
-0.00043123338236
0.00281018180393
0.00404627339773
0.00070120804767
0.00471935809609
0.00343338017983
0.00597126585525
0.00667150092995
0.00946128588825
0.00902820588927
0.00471333421994
0.00490259567125
0.000849818280613
0.00124421057739
0.00616498490482
0.00780536615471
0.0074255118498
0.00290724743944
0.000689157810099
0.0017812717953
0.00217100035486
0.000178128372594
5.98455071232e-05
0.0025447851682
0.000483773612657
0.00260841739344
0.00409278380934
0.00268788271641
0.00204988950415
0.00286052212834
0.00503319809807
0.00139908517663
0.00487035765664
0.000679445147011
0.00516792788028
0.00189054758787
0.00651151392031
0.00370056445917
-8.60858511059e-05
0.00173139439957
0.000793725983388
0.00219934090912
0.00334449407178
0.00139410921746
0.00558617647757
0.000676048889457
0.000277504019274
0.000905339340016
0.00652050314085
0.00641992431269
0.00310414343103
0.00212462745176
0.00313918293777
0.000209032380028
0.00163800435124
0.00674161496221
0.00741217466971
0.00216902554394
0.00573849568489
0.00477981981668
0.00205908382175
0.00141594563896
0.00149639414184
0.00508154004768
0.00598010098171
0.00788204616495
0.00540247176632
-0.000175774225809
0.00109634373201
0.00522646204715
0.00487243994617
0.000870485992549
0.0035077797172
0.00304621844711
0.00218234935182
0.00226572246957
0.00339545742983
0.000681833545045
0.00447650098787
0.00134372086469
0.0036308254975
0.00430311157916
0.00131025368589
0.00156607849961
0.0045624578645
0.00127389079335
0.00212874056544
0.0043125569841
0.00124932099817
0.00275930936168
0.00580793607695
0.000663053497833
0.00472339390941
-0.000281492430361
0.00659723105584
7.35615473752e-05
0.00447417833684
0.00192107639697
0.000186369993347
0.00183288782546
0.00145394665365
0.00156867893937
0.00326715431799
0.0017779940268
-0.000267566634146
0.00158601255507
0.00168977838087
0.0043625091983
0.00132501295351
0.000117738327332
0.00267378180745
0.00310267940367
0.00407307911602
0.00453522221168
0.00305123684959
0.000966117386465
-8.91014696937e-05
0.0026111343379
0.00305293013745
0.000360104657394
0.00348685699181
0.0016152504579
0.00181246954955
0.00243926426341
0.0010595857882
0.00150971545988
0.00032463339766
0.00110862109315
-0.000243951491065
0.00256333375258
0.00123595864217
0.00128068858006
0.00303879652714
0.00229123580505
0.00569865643533
0.000698358811227
0.00378452001281
0.00373688646716
0.00539469795939
0.0025076708619
0.00510817271759
0.00156741647328
0.00493463981629
0.000445681292426
0.00147805287863
0.000486308961349
0.000885660408492
0.00101046008956
0.000186394985907
0.0021811157274
0.00422030049686
0.00390885642957
0.00107066026074
0.000648014624342
0.00417431914513
0.00145355561491
0.000472251793693
0.00364409939651
0.000925632268876
0.00357432617548
0.00101903561888
0.00042191095418
0.00109192717088
0.00209380702733
0.00356577533243
0.00114647592353
0.000529254978481
0.00038323987525
0.000452763495246
0.00188429174757
0.00497000377617
0.00184173027813
0.00296860043829
0.00123374926644
0.000914308416432
7.120748339e-05
9.35944617283e-05
0.00124407675387
0.00579675410983
0.000199601297347
0.00250884590373
0.00138008606579
0.000524725956555
0.00114396467711
0.00117280848913
-0.000212363806739
0.000417622086664
0.000405391736915
0.000801714962916
0.000857318464072
0.00131530116144
0.00204296401132
0.000638632188745
0.000569051203097
0.00172415460898
0.00143195150891
0.000356991262276
0.000918652105387
0.00388279623852
0.000563262199412
0.000175557502984
0.00279359372924
0.00449266991723
0.000941671043158
0.00341741841018
0.00302565069943
0.00262195901103
0.0010846591241
0.00128571125483
0.0028068419722
0.000102823051959
0.00134243526102
0.00031072206002
0.00259416689412
0.000577141593492
0.000959093323544
0.00271635162917
0.000901728963644
0.00436855976574
0.00171129155969
0.00097556942687
0.00130282457766
0.00159234244434
0.00170402426022
0.000304896245263
0.00385924523587
0.00260590166232
0.00245033888256
8.94979979729e-05
0.000814476652298
0.000519233933003
-5.7813026994e-05
0.00070751438603
0.000873901030241
9.6895925783e-05
0.00277486206544
0.000348902838652
0.00108107350325
0.004142316301
0.00201331196987
0.00296069374921
0.00200412818581
0.00421227019688
0.00285387000927
0.000542693797281
0.0043049114041
0.00250843422961
0.00204226125574
0.000124743400909
0.00267231874164
0.000824216715086
0.00318892048146
0.000682662021058
0.00160625072601
0.00196058924041
0.00406109768313
0.000413427718567
0.00289970115142
0.000407227516769
0.000611767656026
0.00323999437367
0.000790935694569
0.000972011801139
0.00272109287461
0.00158546277536
0.000963098698254
0.000579966535719
0.00142267395298
0.0011450863195
0.000938264613832
0.0037982689576
0.00141777510939
0.000332173611933
0.00113625537811
