5.90804195404
4.68776106834
4.9756128788
5.45193600655
3.63245010376
5.9613571167
6.07671308517
4.42112493515
6.25136613846
3.99007320404
12.3822460175
4.79110002518
6.52315783501
6.6917450428
6.39165186882
5.00697994232
3.55691599846
4.97208619118
5.44577217102
3.80909991264
5.46512317657
7.13861489296
3.39037799835
5.48568797112
6.58441281319
3.93303799629
6.7108631134
7.37007784843
6.86017799377
5.7589058876
6.58868408203
8.43616604805
7.80969905853
4.08688592911
4.3008980751
7.3544318676
6.00758886337
6.7185690403
6.44028520584
5.14546585083
4.09249305725
5.61804103851
12.5565350056
7.27075195312
4.69641804695
4.55634498596
5.27300596237
3.37379598618
5.25213694572
4.84777903557
5.16962885857
4.92346692085
4.91610407829
6.04895401001
7.08227610588
4.66886878014
5.39928817749
7.10114407539
4.2985970974
4.87506103516
5.75996112823
4.49797010422
6.80374288559
8.09213900566
4.09353208542
5.85132694244
4.90653395653
5.25872707367
8.29398393631
4.22617101669
4.71549916267
5.59715485573
4.95365786552
5.62792801857
5.77745294571
5.35745310783
7.65614414215
6.81217384338
4.8767619133
5.7631251812
4.66298007965
6.0919008255
5.27862501144
6.47881197929
4.82404494286
8.52797794342
4.9864730835
4.69587492943
3.52351593971
5.1188750267
5.8952960968
3.80823707581
7.30873799324
7.72958707809
6.19802904129
4.5431470871
4.72833013535
5.42116498947
4.15845704079
5.28799891472
6.50658202171
7.42563700676
6.28768205643
5.23741984367
8.5690639019
4.02730107307
4.64024996758
3.14390802383
6.62477397919
4.89662408829
5.50534510612
7.2359290123
5.60410714149
4.25977396965
4.6873960495
3.48250603676
7.53346204758
5.1438999176
6.10676598549
4.61666584015
7.89248394966
7.04551887512
7.84347605705
9.54440307617
6.65849304199
4.42392992973
4.22696781158
6.43449091911
3.88141894341
4.70355391502
4.85135293007
6.47830510139
4.18658804893
6.60725808144
6.25629591942
4.61126708984
6.41381788254
5.91312003136
5.52443695068
5.78110098839
5.43049097061
7.87911295891
4.55942296982
5.08195900917
5.51394486427
6.08986496925
12.6797449589
12.4663629532
3.85939002037
4.22357296944
6.54157781601
4.76052212715
6.90828704834
4.81745100021
4.66068291664
3.23650789261
5.06743502617
3.71934390068
5.04339194298
3.72441601753
5.02137303352
5.09421086311
6.63609313965
12.4095098972
4.31242895126
6.36752414703
7.28733110428
5.84480714798
4.36539292336
6.7628660202
6.60873508453
1.23303294182
4.26352500916
5.50943303108
7.16472887993
3.95215606689
7.54771590233
2.92762494087
6.98856282234
4.84667801857
5.70846509933
6.45865297318
3.61776208878
5.6744852066
5.78003096581
7.67795991898
7.35464596748
6.02006983757
7.38926100731
4.80150914192
5.69815516472
4.9979300499
5.3523850441
5.3019888401
3.16342401505
5.2908141613
5.54407596588
4.75585103035
6.43106913567
4.12530589104
6.5091919899
4.83479499817
7.276501894
6.18231916428
7.39033508301
3.54730415344
3.94073915482
5.04662799835
7.46260595322
3.86476492882
5.73116803169
5.59247398376
3.04731917381
12.4655790329
4.65971207619
4.69728279114
6.0524969101
6.71569705009
6.70503306389
5.61561584473
6.08798480034
7.14908695221
6.76445198059
4.81949400902
5.17320203781
7.52898716927
5.55732703209
7.7752699852
6.61964607239
5.58302998543
4.3285369873
6.34638094902
4.63439702988
6.3026869297
5.18305301666
4.50278997421
5.51002001762
5.53866100311
4.88067984581
4.48780107498
4.9160900116
5.12018799782
5.65106892586
5.98307013512
7.41500496864
4.28005599976
6.73156189919
7.32111215591
5.10326695442
5.98938107491
6.46565818787
4.18556785583
6.62512207031
6.62012696266
4.23347997665
5.10217499733
5.1551258564
5.77183008194
7.65655517578
4.67272806168
4.67912507057
3.77028608322
6.10151600838
6.22976493835
6.60557198524
6.42905902863
8.13885092735
6.85020709038
3.79035401344
6.04655909538
5.73278713226
7.00763988495
6.81171298027
6.42954301834
5.30951023102
8.08493494987
5.51156187057
5.40044093132
4.9034280777
5.52289700508
6.39154481888
4.76313900948
7.11946582794
6.8267891407
5.92772197723
3.81955480576
3.85678815842
5.29761195183
4.4725959301
5.68015789986
7.3672580719
12.6660621166
6.57638597488
4.60408496857
6.8819270134
4.85312891006
5.93113017082
4.6206870079
6.34023118019
5.62189292908
6.72233200073
5.8275411129
5.03666710854
4.36371707916
4.47769284248
3.38349509239
7.93756890297
5.4130730629
7.65707206726
6.79082107544
6.08100509644
7.05936598778
6.36517906189
7.35460305214
6.33500599861
5.82343506813
4.57700800896
7.66631007195
4.75663805008
7.61817598343
5.26637983322
5.66143488884
5.23611402512
6.49025011063
6.75150895119
4.38453984261
5.04801607132
5.88648200035
4.91167187691
5.91139388084
6.01809406281
7.60475897789
12.4928100109
4.32953000069
8.42629098892
5.83471894264
6.22091794014
5.697275877
4.71922302246
3.92373299599
5.50111198425
5.11697983742
7.37007284164
5.29198718071
4.56032204628
3.89827489853
3.98268985748
3.47398281097
4.62651395798
3.98716211319
3.59478116035
4.38409590721
5.76849913597
6.42449903488
3.90428900719
6.0408949852
7.52665686607
5.54315018654
4.7005507946
4.74074006081
6.23944497108
3.73215389252
5.54584789276
6.38398981094
3.30723905563
8.34167098999
6.17089009285
4.81944894791
3.41109108925
4.81013989449
3.23491692543
4.9721300602
3.59929394722
7.28363394737
4.79305410385
4.01214814186
5.96346092224
4.82632899284
4.97834300995
5.83049583435
6.95292186737
4.55755114555
6.48437404633
6.8154771328
7.35841703415
3.88980317116
5.62250781059
12.3716828823
3.98058390617
5.90782094002
5.13188695908
12.4210221767
5.17573595047
4.7303109169
6.06081295013
4.50947403908
6.23512005806
5.04057097435
5.388671875
4.64430379868
5.79467606544
4.655782938
6.01748991013
5.94788384438
5.82851791382
6.49194908142
5.51774811745
4.80415201187
4.97578501701
5.11078000069
6.13049483299
4.8408229351
6.07176494598
5.72706890106
5.41285800934
7.54274702072
5.97039413452
6.02780795097
6.28508996964
4.14768385887
7.16267609596
4.69445109367
5.43450212479
5.36779713631
3.75916600227
4.52439713478
5.49172019958
5.30674791336
2.93585181236
4.48742508888
4.57194685936
5.30915594101
6.61789011955
6.3675069809
5.32353496552
5.59625196457
4.19139480591
5.17604613304
6.74104595184
6.38238215446
3.42530298233
5.24942612648
5.84907889366
5.71650218964
5.30939507484
3.62281894684
4.54637408257
5.81487679482
5.58281588554
4.96935009956
7.69925498962
4.99203085899
4.4933321476
7.58171200752
3.75791192055
5.21624398232
4.58858394623
5.84432196617
4.53970003128
5.22413802147
5.05654501915
3.98243999481
4.7683160305
5.99100708961
4.98442602158
6.60889911652
6.19330596924
5.019272089
5.65425896645
3.1660759449
5.12748813629
2.15956687927
6.2361779213
7.69382691383
7.32819008827
5.36415100098
5.12019610405
3.90250205994
3.44837594032
4.13502502441
4.79508709908
6.73618102074
4.77774906158
4.7164041996
12.3423409462
4.17376685143
6.96879792213
4.79274082184
5.4337990284
4.44007396698
6.51353502274
7.23757910728
6.45097708702
6.23475599289
7.26813220978
12.3188760281
3.89020991325
6.34395694733
3.45002508163
7.14958405495
6.13029503822
4.85050797462
5.39632892609
6.83850288391
6.19639587402
5.37121701241
6.97647094727
4.66993618011
5.50099182129
6.01552391052
5.39877915382
4.93227291107
5.35676407814
6.30440616608
3.79694199562
7.23785209656
4.89485406876
5.40374493599
6.48047399521
12.3931360245
4.15996098518
3.98766994476
3.64384102821
4.01651406288
4.97868704796
4.08683991432
4.64588689804
4.32158613205
7.21479010582
5.93429994583
3.51024699211
6.55816602707
5.53407287598
4.75732898712
6.35563206673
4.34337711334
6.66953587532
5.52998185158
6.38571119308
5.30598807335
6.01063394547
4.91491103172
5.9253180027
4.88901686668
6.75720119476
3.79666090012
5.51315593719
5.43487501144
4.57432198524
4.93405508995
6.56012916565
6.36680412292
6.50734782219
7.3746919632
5.58388209343
4.90467691422
7.64222097397
8.99081301689
8.59156990051
5.30834102631
4.60600614548
5.20982098579
4.98550605774
4.12310314178
6.81313514709
5.83355998993
3.76152300835
6.96858882904
5.14864993095
5.45280408859
4.38397502899
5.0354809761
7.26184296608
4.56768798828
6.92447304726
5.62640595436
12.6152341366
8.49512791634
6.48468399048
5.18078899384
5.56785202026
4.56592798233
6.10844516754
4.95923018456
4.38862586021
6.81038403511
6.38440704346
4.84973597527
6.52652192116
5.23576211929
7.3457570076
6.01184606552
5.90015721321
6.95462012291
6.75020599365
6.9743719101
5.51973295212
5.08336210251
6.07452011108
5.74311590195
6.31516098976
4.18583393097
7.87197804451
6.60666298866
6.06969404221
5.90474796295
4.38332295418
4.21895384789
5.24011707306
5.98182606697
7.44246983528
5.14978981018
8.09942984581
4.69053792953
5.79037594795
6.13043189049
5.64265799522
7.14661312103
3.88963890076
4.08475708961
6.13943004608
9.14468693733
8.37898397446
5.62920498848
6.04939508438
4.14673089981
4.24073004723
4.94756102562
5.64399385452
5.20712304115
4.8997490406
2.28914308548
4.58234095573
4.39252591133
5.98917508125
7.11675000191
6.25534200668
4.8270509243
7.01857686043
7.81364512444
4.11690807343
6.2544400692
5.88653588295
6.41420197487
8.74196720123
5.6176211834
5.76656699181
4.59127187729
4.27952218056
7.802257061
6.52016878128
6.72058105469
6.84167003632
6.01011300087
7.22285795212
4.70604991913
5.37052798271
6.37765908241
6.07011795044
6.76886200905
3.69883799553
6.87447786331
5.52486205101
6.54123401642
7.81317305565
